1.1037876606 0.784309148788 1.37173879147
0.832207679749 0.772502183914 1.41311073303
1.34557163715 0.799322545528 1.39205121994
1.03472948074 0.774544715881 1.40605831146
1.30735146999 0.787358641624 1.39474177361
0.819646477699 0.759054481983 1.43278002739
0.277034401894 0.727563798428 1.4751008749
1.25585329533 0.781121313572 1.39866149426
1.09324252605 0.765021383762 1.40110969543
0.884734392166 0.749847888947 1.40824794769
0.98157119751 0.749389231205 1.45069491863
0.52904689312 0.726408958435 1.49612319469
1.21283149719 0.755913674831 1.42141246796
0.610795855522 0.721056878567 1.49948251247
1.3004026413 0.754545807838 1.4354660511
0.511220753193 0.711933374405 1.5071491003
0.522649466991 0.712738037109 1.51730167866
1.03234946728 0.725880146027 1.44594609737
0.797572135925 0.718597233295 1.49555838108
0.733679890633 0.697889506817 1.52211463451
0.673458397388 0.683417856693 1.55960381031
0.963114023209 0.690176963806 1.52567279339
0.720980525017 0.671698331833 1.57854902744
0.659586548805 0.66024929285 1.60618555546
0.713004469872 0.65623831749 1.60180735588
1.13089740276 0.670902132988 1.54584503174
0.889820694923 0.659796595573 1.57577347755
1.13726842403 0.654383003712 1.60506165028
1.35052275658 0.655883491039 1.58810484409
1.43715953827 0.656492233276 1.59325945377
0.991602420807 0.584526896477 1.70491850376
0.00714203715324 0.480073690414 1.88065230846
-0.0466774404049 0.475517630577 1.89986145496
-0.0420251190662 0.463753640652 1.89914000034
0.0381703972816 0.455566763878 1.86239397526
-0.128878682852 0.442667752504 1.90543591976
-0.1282145679 0.430672258139 1.90502536297
0.0405896008015 0.374766260386 1.84473884106
0.197882860899 0.265869528055 2.01964044571
0.873531103134 -0.15830090642 2.77910995483
-0.2354157269 -0.306301474571 1.38277602196
0.569481253624 -0.548892080784 2.42338275909
0.576660513878 -0.566256940365 2.37311553955
2.31337594986 -1.03032374382 4.24512052536
2.31942248344 -1.06839442253 4.318775177
0.581012368202 -0.571917712688 2.30234670639
2.38497018814 -1.11853432655 4.31205511093
0.435922563076 -0.6098523736 2.31278371811
0.493311941624 -0.604782640934 2.28527641296
0.798137784004 0.75198841095 1.44336366653
0.466848999262 -0.61963480711 2.33310985565
0.315222859383 -0.541357457638 1.98622906208
0.294231444597 -0.556257843971 2.00451993942
0.303052604198 -0.560062348843 2.00370359421
0.312111973763 -0.568169355392 2.00273942947
0.603679418564 -0.794202506542 2.74955701828
0.312883079052 -0.570462882519 1.96848666668
0.610376119614 -0.811136066914 2.74851846695
0.621723532677 -0.796984672546 2.686814785
2.94189357758 -1.45152425766 4.95725154877
2.28533005714 -1.1772954464 4.03121376038
0.793932557106 0.720019459724 1.49418997765
0.321961224079 -0.571890294552 1.93359768391
0.209044590592 -0.490901708603 1.65697574615
0.204503238201 -0.523582398891 1.64432036877
0.216116458178 -0.537409543991 1.6429823637
0.214010179043 -0.54743719101 1.629804492
3.53016543388 -1.86227750778 5.5725402832
1.10579764843 0.782063126564 1.37562847137
0.748844265938 0.696862697601 1.54051113129
0.574198365211 0.651561141014 1.62123918533
0.982854485512 0.75109398365 1.45884537697
1.31768536568 0.821790933609 1.27792191505
1.09597361088 0.767108201981 1.40676403046
1.00038433075 0.74256837368 1.47844719887
0.881747484207 0.708651065826 1.50583219528
0.716843605042 0.669290542603 1.58200407028
-0.0465740263462 0.479231894016 1.89625740051
0.761949419975 0.676394701004 1.56122541428
1.33126878738 0.811264038086 1.31146430969
1.00895178318 0.734330892563 1.46034789085
0.00567105412483 0.481871247292 1.8590760231
-0.0314423143864 0.47301274538 1.87621927261
0.731654524803 0.661839723587 1.5753326416
0.0125477612019 0.479941189289 1.85595464706
-0.0431223213673 0.466653436422 1.88166975975
0.710399985313 0.655700087547 1.59836816788
1.21286606789 0.777306675911 1.39374709129
1.0368219614 0.729004502296 1.46196079254
1.01386606693 0.722341179848 1.4857840538
1.22531783581 0.771790504456 1.40242815018
0.736551880836 0.652416348457 1.61393809319
0.707455039024 0.645471334457 1.62737846375
1.24882793427 0.773643732071 1.39162659645
0.990229964256 0.714399456978 1.52424001694
1.29624164104 0.779877662659 1.38300514221
1.21874976158 0.760211229324 1.43311929703
1.26563620567 0.767595887184 1.41152071953
0.963684797287 0.692937374115 1.53673601151
0.999363780022 0.700233340263 1.53457546234
1.17250025272 0.45041179657 1.96998941898
1.19056987762 0.493448197842 1.89886319637
0.953812420368 0.432227820158 2.00578403473
0.91704839468 0.448853731155 1.9861921072
0.191046997905 0.254762738943 1.99930512905
1.40639579296 0.667750298977 1.58001804352
1.35867440701 0.657068610191 1.60530209541
0.990838825703 0.547258377075 1.8022916317
1.41162025928 0.679860293865 1.56064426899
1.54198348522 0.716637551785 1.45945501328
1.35620582104 0.664945483208 1.57442677021
1.67887973785 0.769191861153 1.36947929859
3.69813394547 -1.99404788017 5.88105154037
3.80998086929 -2.05810713768 6.05975627899
3.19921016693 -1.75842213631 5.24489068985
3.78939008713 -2.02277302742 6.0676984787
3.1888628006 -1.71440827847 5.24767017365
3.86433887482 -2.01912736893 6.21811628342
2.48257827759 -1.43434917927 4.36111927032
3.15533351898 -1.57222628593 5.39245891571
0.20648920536 -0.562052547932 1.61856031418
2.55843067169 -1.31621098518 4.50583219528
4.47243452072 -1.03174233437 4.24190473557
4.46755456924 -1.01098549366 4.24321508408
0.204524576664 -0.553695738316 1.61908793449
4.68325138092 -1.02740645409 4.38982820511
0.202794969082 -0.547893106937 1.62735056877
0.206341862679 -0.531905412674 1.64262378216
2.39848995209 -1.15025269985 4.3871011734
0.206237196922 -0.519917428493 1.64211916924
2.33175039291 -1.11118972301 4.32802581787
0.210319578648 -0.515615105629 1.64885246754
0.599097371101 -0.714691698551 2.434248209
0.607095599174 -0.712570369244 2.4304318428
0.628413319588 -0.78401196003 2.6843059063
0.319681346416 -0.57655197382 1.9429858923
2.26906776428 -1.04520654678 4.26913452148
0.205363094807 -0.493113726377 1.6412883997
0.591416716576 -0.690506696701 2.45877814293
0.603513240814 -0.687298417091 2.45300602913
2.32308387756 -1.03813135624 4.32868289948
0.336474537849 -0.585210621357 2.01504850388
0.439787387848 -0.782592475414 2.72116494179
0.322710990906 -0.572850167751 1.98003804684
0.297245502472 -0.549968659878 1.97757637501
0.308708906174 -0.543118596077 1.95868551731
0.432991623878 -0.605906546116 2.34420180321
0.561556816101 -0.583393394947 2.34188818932
0.587600767612 -0.587657868862 2.37081551552
0.592362046242 -0.572617948055 2.36790776253
0.581022381783 -0.567364215851 2.39390873909
0.563927769661 -0.523998320103 2.33804440498
0.202960848808 -0.385398864746 1.70145142078
1.17174720764 0.372367948294 2.09685993195
1.74034631252 0.526326954365 1.78345251083
2.0514998436 0.637099921703 1.55310094357
1.48591339588 0.558345913887 1.76340138912
0.960324764252 0.436353683472 2.0133934021
0.189765751362 0.24782975018 2.00396728516
0.422453790903 -0.965879678726 2.70873761177
3.87130022049 -2.09512376785 6.14980459213
3.21902227402 -1.78572571278 5.29598236084
0.449650675058 -1.00964653492 2.93067550659
0.201598078012 -0.566962063313 1.62931311131
3.21336507797 -1.73993766308 5.2988409996
1.69814217091 -1.148660779 3.47119235992
2.51605463028 -1.41798841953 4.44424200058
3.62989091873 -0.824172794819 2.96094584465
3.58086276054 -1.94126224518 5.62072229385
3.44734454155 -1.82812714577 5.39256954193
0.205226957798 -0.561996161938 1.62641239166
3.12123656273 -1.72255158424 5.10666513443
0.207711875439 -0.552158594131 1.62620425224
1.72310519218 -1.16503167152 3.51980638504
3.06501626968 -1.6374155283 5.01120567322
3.68014597893 -1.92007529736 5.8817858696
0.213125109673 -0.538882136345 1.62554955482
0.206381767988 -0.532961964607 1.62691926956
2.60026097298 -1.44568121433 4.53197956085
0.205422878265 -0.529547333717 1.6363273859
0.208645015955 -0.519924879074 1.62683033943
3.12055277824 -1.58597040176 5.22097349167
0.219910770655 -0.588391602039 1.92401969433
0.227043658495 -0.584075391293 1.92283165455
2.41280579567 -1.27281236649 4.32728815079
0.207978844643 -0.496646225452 1.65700817108
3.01813602448 -1.55210638046 5.35629034042
0.323288857937 -0.595105886459 2.00472331047
0.612630963326 -0.801072776318 2.74925637245
0.310837805271 -0.584174692631 2.00725269318
0.326185613871 -0.578552663326 1.98935687542
0.334102630615 -0.582407057285 2.00307440758
0.599088490009 -0.804972946644 2.78008341789
0.206293612719 -0.483371317387 1.66780781746
0.426357626915 -0.812597692013 2.81124067307
0.287146002054 -0.573657274246 1.99656236172
0.31355252862 -0.563789367676 1.99201381207
0.301461368799 -0.556846499443 1.99437940121
0.316047668457 -0.543945789337 1.99205076694
2.3166217804 -1.09753215313 4.27282047272
2.29743719101 -1.07241308689 4.27692174911
0.559430718422 -0.593220353127 2.30960536003
2.31234765053 -1.03584468365 4.27511835098
0.56691300869 -0.584610879421 2.34912538528
0.59709072113 -0.598657369614 2.40735030174
0.575372099876 -0.585344195366 2.39027070999
0.475733011961 -0.582828581333 2.3870651722
0.544077455997 -0.583493232727 2.41734480858
0.578720510006 -0.566056013107 2.39013886452
0.454063922167 -0.306878089905 3.03523564339
0.89228707552 -0.182628646493 2.86219716072
0.891498327255 -0.171244993806 2.86262106895
0.879896223545 -0.16640470922 2.86484599113
1.90377449989 0.361969470978 2.04957032204
1.4914290905 0.367584586143 2.08590507507
0.195519626141 0.255124509335 2.01940941811
1.48036241531 0.386944115162 2.06907510757
0.197825551033 0.268607914448 2.03355646133
0.975499153137 0.368546545506 2.14193964005
1.40739369392 0.427046477795 1.9938429594
0.817957818508 0.407032608986 2.06574869156
1.1602191925 0.438997089863 1.98816096783
0.949802100658 0.434566855431 1.99370419979
1.1731095314 0.454080462456 1.96992790699
0.916528642178 0.448448181152 2.0000846386
1.75899982452 0.532899320126 1.80252051353
1.18585681915 0.49462813139 1.89033472538
0.953364372253 0.479314506054 1.90164840221
0.210315749049 -0.641391634941 1.56950163841
0.215565577149 -0.64677220583 1.59897816181
3.15863823891 -1.72948491573 5.14359474182
1.73433446884 -1.1755181551 3.55929374695
3.15576267242 -1.68686974049 5.14467382431
0.206088259816 -0.529487609863 1.63346731663
2.57302927971 -1.3867585659 4.47624969482
3.1575152874 -1.61525940895 5.25563430786
2.81318831444 -1.49533998966 4.98637342453
0.227455615997 -0.582988142967 1.91338455677
2.42992758751 -1.28239238262 4.33929204941
2.57608008385 -1.34729230404 4.55925369263
3.09076666832 -1.50950062275 5.15654230118
3.04782748222 -1.50184309483 5.16263961792
0.211656287313 -0.488966524601 1.64444518089
0.328084409237 -0.591997087002 2.00324416161
0.593155384064 -0.808946609497 2.75556635857
0.602556288242 -0.799724876881 2.72613191605
0.606556713581 -0.713284134865 2.44219923019
0.307575434446 -0.568621516228 1.9913238287
0.563121318817 -0.780525684357 2.73192501068
0.297789514065 -0.561568856239 2.00794410706
0.306760728359 -0.556547284126 1.99162948132
2.46638178825 -1.17121183872 4.49452209473
2.39684152603 -1.14436948299 4.42384529114
2.28699469566 -1.05432522297 4.21437835693
0.598169445992 -0.603439211845 2.42189121246
2.33080649376 -1.0354694128 4.28128480911
0.475484520197 -0.591386437416 2.41593027115
0.559738874435 -0.569156885147 2.3601307869
0.579525589943 -0.568597555161 2.37960100174
0.569923341274 -0.546350598335 2.4267308712
0.881222367287 -0.163700118661 2.81663632393
1.90223252773 0.360161185265 2.04473686218
1.48105847836 0.363150835037 2.06501984596
0.199795812368 0.256792902946 2.01946640015
1.21285271645 0.358294069767 2.15981960297
0.198981136084 0.268867015839 2.01977205276
1.68927359581 0.398360669613 2.01742196083
0.972869277 0.365210056305 2.11658167839
1.40670108795 0.427111506462 1.98550713062
1.7427700758 0.474067687988 1.88799273968
0.952017307281 0.432929754257 2.0145368576
1.54087567329 0.508070230484 1.85200345516
1.21107316017 0.49280911684 1.89765250683
1.76518619061 0.532133877277 1.82117378712
0.0412535667419 0.378645062447 1.84656488895
1.18670773506 0.495152235031 1.90108025074
1.10123944283 0.49465918541 1.89781868458
0.462140142918 0.456121444702 1.95584309101
1.24037027359 0.513899683952 1.81817948818
1.53828597069 0.54290419817 1.77718651295
0.677310109138 0.489663422108 1.89614331722
1.54527056217 0.55643260479 1.76229333878
1.69024014473 0.571786224842 1.72822856903
-0.126561313868 0.443394601345 1.92345511913
0.0382170975208 0.460815250874 1.87354004383
-0.028868407011 0.470948219299 1.88303649426
0.680796861649 0.529905438423 1.82561600208
-0.0401326715946 0.473872303963 1.88465034962
0.00709554553032 0.484671056271 1.8782504797
0.365387231112 0.518917858601 1.86933028698
1.05835390091 0.568096935749 1.77368712425
1.89574217796 -0.0083045065403 0.332514166832
1.91830277443 0.0051221549511 0.328590273857
1.87819552422 0.0550387501717 0.350959420204
3.57519745827 -1.90106129646 5.61060428619
1.86847710609 0.0839385986328 0.367353618145
3.09581279755 -1.67736697197 5.03510093689
3.63707137108 -1.91882276535 5.77075767517
1.92186880112 0.0986127704382 0.370254814625
1.93253827095 0.102521464229 0.363510668278
2.50662541389 -1.44379341602 4.33164405823
3.62607121468 -1.88019657135 5.77574253082
2.98168683052 -1.73385024071 5.26536655426
3.09251236916 -1.62883925438 5.03489112854
1.62102913857 -1.0722014904 3.25544404984
1.9191224575 0.128942981362 0.370544135571
1.93403840065 0.133201420307 0.372921228409
2.5254817009 -1.32185518742 4.42956256866
3.06558966637 -1.53801441193 5.20470905304
4.73344802856 -1.05709958076 4.49250507355
1.9134016037 0.153654336929 0.384672522545
3.05903959274 -1.5150141716 5.20767688751
2.44626402855 -1.26348769665 4.36045360565
2.90784955025 -1.49754309654 5.14243221283
2.34605789185 -1.20640850067 4.20091629028
1.9205198288 0.170268565416 0.379526495934
1.91600477695 0.186122685671 0.381572186947
0.58647108078 -0.688835501671 2.3161649704
1.90207564831 0.187233492732 0.401839792728
0.599168360233 -0.738473057747 2.48924303055
2.17653155327 0.191281437874 0.530081748962
0.599693179131 -0.732795000076 2.52038264275
2.30104732513 -1.0789103508 4.22272014618
2.48257613182 -1.17380261421 4.56779670715
1.90293049812 0.205154016614 0.400486588478
0.581738471985 -0.673787951469 2.3759560585
1.91960191727 0.217280164361 0.40259540081
1.88679838181 0.402300536633 0.505883216858
1.89717626572 0.409800469875 0.499152541161
1.88489103317 0.40899771452 0.506747364998
0.856260478497 -0.16543546319 2.73114752769
1.4737354517 0.554092407227 1.74114942551
1.8539185524 0.820631742477 0.715945243835
1.8425194025 0.824557423592 0.722776651382
1.87226939201 0.838829159737 0.720265746117
1.81560373306 0.822798609734 0.739416122437
1.8051879406 0.847339034081 0.744690895081
1.83305871487 0.909925818443 0.774005174637
1.81615710258 0.907868146896 0.784497976303
1.83302736282 0.922316908836 0.77345252037
2.04381966591 1.01754570007 0.882600784302
1.33109116554 0.810449838638 1.3106495142
1.72988247871 0.96378993988 0.998314142227
1.73098635674 0.973013877869 0.997209310532
1.79585754871 1.00093483925 0.827939033508
1.27826988697 0.820391774178 1.28276121616
1.82632613182 1.01696205139 0.826080083847
1.79369461536 1.0085297823 0.828919053078
1.71499466896 0.987644553185 0.968772172928
1.7174243927 0.986975073814 0.929708957672
1.79502880573 1.01394319534 0.84547317028
1.81120610237 1.01986968517 0.835247516632
1.86247217655 1.0393819809 0.820432901382
1.7874686718 1.01539695263 0.850056886673
1.84508419037 1.03726506233 0.83122754097
1.72833943367 0.999539494514 0.922414064407
1.10304021835 0.777370810509 1.37374687195
1.79176139832 1.02541637421 0.846953511238
1.80470323563 1.03015756607 0.838773012161
1.85355854034 1.07239711285 0.78914296627
1.49618268013 0.946695566177 1.03242444992
1.1507833004 0.826499342918 1.28570866585
1.62989330292 1.00412690639 0.947515845299
1.79991519451 1.06315004826 0.787321090698
1.7143008709 1.03815495968 0.876393556595
1.40770447254 0.931175470352 1.08757174015
1.38073182106 0.925517439842 1.10442626476
1.47129237652 0.971364140511 1.0465978384
1.40812885761 0.954019427299 1.05100643635
1.28476595879 0.917153477669 1.12859976292
1.6886780262 1.06391191483 0.806368350983
1.17051386833 0.903955340385 1.1489713192
0.918968915939 0.818389177322 1.29121947289
0.977931499481 0.839990019798 1.25394916534
1.32445597649 0.970989108086 1.03472352028
1.31180155277 0.980847358704 1.02560353279
1.11964988708 0.920729756355 1.13013887405
1.51645088196 1.06263935566 0.84775519371
1.27209091187 0.982850670815 1.01821601391
0.504039287567 0.705744922161 1.4717810154
1.15752601624 0.948819279671 1.09026622772
1.63460969925 1.11475872993 0.712734937668
1.36902058125 1.03046035767 0.924663424492
1.38142037392 1.03318369389 0.901634693146
1.54131996632 1.09394967556 0.786361217499
0.487999677658 0.715533018112 1.4811964035
1.11999058723 0.950977087021 1.0815333128
1.56198489666 1.1073564291 0.757754564285
0.815593600273 0.839681267738 1.24455845356
1.26513135433 1.01392316818 0.974063515663
1.09103310108 0.952187180519 1.069917202
1.56705641747 1.124522686 0.724467515945
5.41274642944 -3.10435342789 7.53592967987
1.83898484707 0.0915391892195 0.352342128754
1.87650847435 0.120526641607 0.30401456356
3.73058080673 -0.848592400551 3.07353186607
1.86392366886 0.104378715158 0.346520543098
1.88620722294 0.108187809587 0.343827009201
3.63605523109 -1.9695494175 5.7128200531
1.89160382748 0.118641421199 0.338369607925
3.53518867493 -1.89865970612 5.58099460602
1.77618992329 -1.17340910435 3.40018248558
3.07574343681 -1.68212926388 5.02239513397
3.51343727112 -1.8670425415 5.59459114075
1.88726127148 0.132756620646 0.356833636761
1.89504384995 0.136517047882 0.350252151489
1.88892591 0.145409971476 0.354076385498
3.06528019905 -1.62416470051 5.02406597137
1.56886935234 -1.03349018097 3.14756035805
3.04200816154 -1.5849930048 5.03800392151
1.87011706829 0.16318129003 0.350284814835
1.88075995445 0.158622726798 0.374386429787
3.02326631546 -1.53102815151 5.04667568207
4.65333557129 -1.02381181717 4.40148448944
1.88672018051 0.185348436236 0.366630136967
2.45919203758 -1.29597151279 4.35878944397
1.87913560867 0.189632222056 0.372138798237
2.98796772957 -1.48506391048 5.06934833527
2.62532806396 -1.33679246902 4.6083688736
2.42497158051 -1.26918923855 4.38279533386
1.89755475521 0.206813141704 0.404254436493
1.8800662756 0.223220586777 0.384215712547
2.23457765579 -1.03898453712 4.06299209595
2.19596171379 -1.01717376709 4.09103870392
2.2068707943 -0.981550693512 4.07835674286
1.86881697178 0.402455985546 0.473805427551
1.89042699337 0.408961474895 0.50973379612
1.88574445248 0.412174075842 0.495151519775
1.88072383404 0.42663025856 0.497474551201
0.830439686775 -0.150172710419 2.64527988434
0.826735854149 -0.139508008957 2.64699363708
1.8635187149 0.823183298111 0.723166227341
1.82326495647 0.818621993065 0.71199631691
1.86547112465 0.838025569916 0.719932079315
1.81522715092 0.825720906258 0.739300489426
1.80768680573 0.905351996422 0.779708266258
1.80331456661 0.890856742859 1.0241522789
1.82023966312 0.920753002167 0.768029332161
1.80362784863 0.901111006737 1.02273654938
1.86526310444 0.9499386549 0.750865936279
1.80533468723 1.00770306587 0.837743759155
1.82102108002 1.01528251171 0.824478268623
1.53600203991 0.877016186714 1.16156315804
1.71315252781 0.963962078094 0.98728120327
1.78348946571 1.00320231915 0.832490205765
1.80563092232 1.01739931107 0.836405158043
1.86990261078 1.04590344429 0.829698324203
1.79166138172 1.01542592049 0.847674846649
1.7201846838 0.986925840378 0.979105710983
1.78254580498 1.02057445049 0.854295492172
1.79195761681 1.02512216568 0.846336126328
1.32998847961 0.803279161453 1.3085256815
1.71610927582 0.992156386375 0.933096885681
1.72875535488 0.998266816139 0.922402381897
1.85867679119 1.07067012787 0.811435461044
1.86356830597 1.07784712315 0.806750535965
1.85387516022 1.07892262936 0.791254281998
1.81467998028 1.07040894032 0.800175189972
1.26397013664 0.813791751862 1.2648140192
1.51500880718 0.949309468269 1.05089879036
1.02448511124 0.722386717796 1.44153261185
0.88100373745 0.657760977745 1.56233477592
1.09674918652 0.761430263519 1.40298867226
1.26092100143 0.841332435608 1.2410504818
1.10677468777 0.776256203651 1.37033593655
1.107812047 0.786567568779 1.3465834856
1.40826535225 0.93174290657 1.09249937534
1.62998902798 1.04428470135 0.860862731934
1.14570200443 0.824077129364 1.2688382864
1.46189665794 0.986434221268 0.958115577698
1.45190513134 1.00877547264 0.942992687225
0.708515882492 0.667424440384 1.5491437912
1.32006680965 0.967383265495 1.03146541119
1.29845392704 0.974201202393 1.00810050964
1.20175337791 0.931877732277 1.08937597275
1.59207487106 1.11983644962 0.720969796181
1.64308106899 1.15277957916 0.657692193985
1.36145031452 1.02183234692 0.933670401573
0.978381633759 0.841108441353 1.257122159
1.26829636097 0.981191754341 1.01195001602
1.35889446735 1.02452456951 0.916186332703
1.45200479031 1.06995749474 0.856593489647
0.914527893066 0.818490982056 1.29098498821
1.02724647522 0.877294778824 1.19516813755
0.915410161018 0.826464056969 1.25098323822
1.03131830692 0.887344360352 1.17160594463
1.14734888077 0.943408966064 1.07348251343
1.24448478222 1.00193750858 0.952900886536
1.49365496635 1.12169027328 0.724340200424
0.844423532486 0.813554048538 1.30857813358
1.57038414478 1.1706969738 0.64017534256
1.27231192589 1.04763102531 0.889858841896
1.41922795773 1.11774599552 0.747797727585
1.12476205826 0.98143017292 1.03197526932
1.20374190807 1.02288234234 0.946891546249
1.34019052982 1.08788216114 0.813688874245
1.30614054203 1.07559263706 0.842009902
1.14904546738 1.00384926796 0.97438621521
1.50833821297 1.17554974556 0.636203885078
1.19155669212 1.02855324745 0.937961578369
1.16707491875 1.02397584915 0.939920902252
1.20937561989 1.04752528667 0.887156009674
1.42297852039 1.15266084671 0.67174243927
1.42806565762 1.15809369087 0.650463342667
1.48492705822 1.18772339821 0.635408639908
1.07351136208 0.994200348854 1.00064861774
1.09117543697 1.00684297085 0.985242843628
0.936415553093 0.933768510818 1.08136773109
0.968354344368 0.949200987816 1.05435824394
1.01780700684 0.974253416061 1.0290440321
1.20791232586 1.07184624672 0.834347724915
1.45785748959 1.19149899483 0.60774564743
1.46122050285 1.19986176491 0.587495803833
0.765785813332 0.869101285934 1.19164228439
0.815715432167 0.893226623535 1.14941835403
1.09977352619 1.03848206997 0.908287763596
1.28420960903 1.13022947311 0.735377907753
1.3850082159 1.17766869068 0.634921073914
1.49396240711 1.2289429903 0.526299715042
0.933240652084 0.964619755745 1.03172898293
1.32416749001 1.15222084522 0.685922265053
0.664071321487 0.837219953537 1.24369573593
0.682893395424 0.851603507996 1.24253463745
0.900407075882 0.953913331032 1.02691078186
1.43737614155 1.21203100681 0.557606458664
1.06523954868 1.04290866852 0.90309035778
1.4105232954 1.20546424389 0.564226984978
0.540040493011 0.793088555336 1.34678518772
0.687908768654 0.864536762238 1.22173750401
0.908997893333 0.968420147896 1.00310790539
2.51990914345 0.396695166826 -0.100914001465
1.85311722755 0.0927098691463 0.357215940952
1.90314054489 0.121968150139 0.312002658844
1.83773541451 0.126589149237 0.301234841347
2.53903961182 0.422830820084 -0.10263466835
1.90778589249 0.159566104412 0.361702859402
1.89641261101 0.15962472558 0.37505698204
2.47362971306 0.468924969435 -0.0671941041946
2.5642080307 0.49211704731 -0.0657315254211
1.88629221916 0.175187498331 0.382497727871
1.91151642799 0.183413177729 0.374033093452
2.43789291382 0.474763303995 -0.0535385608673
1.89161419868 0.194117605686 0.370818853378
1.89475440979 0.188706964254 0.392223119736
2.41751408577 0.478629261255 -0.0306873321533
1.88865971565 0.207832217216 0.39391040802
4.57907390594 -1.03833007812 4.34573173523
4.59910821915 -1.00666809082 4.31310939789
1.88790178299 0.411612212658 0.505969285965
1.89436602592 0.417054116726 0.496810913086
1.88536095619 0.429876089096 0.503725171089
1.86117291451 0.821939527988 0.725971341133
1.83238339424 0.823242306709 0.729618668556
1.86027145386 0.837834239006 0.722478508949
1.81937932968 0.82330930233 0.744887828827
2.33145022392 1.24674975872 0.308858454227
1.81531953812 0.903007626534 0.786484360695
1.82101678848 0.918994009495 0.775207519531
1.84277415276 0.94290548563 0.74277973175
1.47029149532 0.555364847183 1.73750317097
1.77697920799 0.886049628258 0.996532678604
1.83924198151 1.01826667786 0.819533705711
1.80892205238 1.00588846207 0.827328681946
1.79789495468 1.00798034668 0.839693427086
1.85357832909 1.04563271999 0.827805995941
1.84029912949 1.05929243565 0.80654001236
1.74224638939 0.967593371868 1.01401019096
1.78594434261 1.02635705471 0.848479628563
1.70857203007 0.965599417686 0.988240361214
1.70220410824 0.979873657227 0.928847193718
1.70142173767 0.97795188427 0.961712598801
1.70984244347 0.991945266724 0.916409611702
1.25528085232 0.671327829361 1.5426453352
0.915630817413 0.425972312689 1.92118251324
1.41165530682 0.849056661129 1.21685218811
1.63656663895 1.04425466061 0.866701006889
1.2968814373 0.780145168304 1.34169757366
1.32457709312 0.803460657597 1.30245923996
1.87651109695 1.32589137554 0.309292316437
0.969479322433 0.542720794678 1.76478469372
1.09487760067 0.775554716587 1.35915958881
1.02804148197 0.724426567554 1.4523794651
1.13990449905 0.82245850563 1.2676731348
1.35741484165 1.01449298859 0.931838512421
1.36427128315 1.02532887459 0.920674204826
0.945877313614 0.683232486248 1.51054155827
0.654376387596 0.483424574137 1.83669412136
1.4317830801 1.15412986279 0.683540463448
1.24231874943 0.999515652657 0.950568556786
1.29938220978 1.07009327412 0.839720249176
1.40061354637 1.15830981731 0.671894431114
0.88942861557 0.726865410805 1.44353568554
1.13995265961 0.940729141235 1.06420588493
1.26470136642 1.16409444809 -0.00195688009262
1.26322746277 1.16437721252 -0.0128629207611
1.16463875771 0.983737885952 0.99931871891
1.39642596245 1.18628549576 0.646827816963
1.26552677155 1.17409789562 0.0067657828331
0.970811843872 0.837551772594 1.24708473682
0.923135876656 0.806984305382 1.31189000607
1.39150547981 1.20869672298 0.580263018608
1.14876925945 1.01372420788 0.921479582787
1.35579824448 1.19041848183 0.60550069809
1.33931112289 1.19050347805 0.624859452248
0.70330452919 0.662146806717 1.54588830471
1.43491148949 1.28671073914 0.422120273113
1.2241294384 1.12554895878 0.736492753029
0.83872461319 0.81285482645 1.30113232136
1.46395969391 1.35031425953 0.291263699532
1.08459293842 1.03014063835 0.887051343918
1.09608101845 1.0398119688 0.870775341988
1.19373011589 1.12201762199 0.732428908348
0.655956983566 0.672011852264 1.51395905018
0.919590353966 0.892135858536 1.1613779068
1.22706568241 1.15914583206 0.68260371685
1.28720676899 1.21884036064 0.594801187515
0.962102651596 0.949684739113 1.05410087109
1.26462340355 1.20436108112 0.62549841404
1.06007623672 1.03823280334 0.894719362259
1.17425489426 1.1343537569 0.732954382896
1.82990574837 0.0997212827206 0.340677112341
1.89552760124 0.11801058054 0.327362746
1.84075760841 0.158487468958 0.334826141596
1.85350990295 0.160208076239 0.360769361258
1.85636138916 0.166751712561 0.356090039015
3.45041751862 -0.674515485764 2.72428226471
1.84366583824 0.175738573074 0.367148548365
3.35262227058 -1.80557084084 5.35236549377
2.96050906181 -1.63357996941 4.87914419174
3.41838550568 -1.8264799118 5.47722196579
3.49418711662 -1.84352469444 5.59936761856
3.48452377319 -1.82194113731 5.60400485992
2.94550943375 -1.58234834671 4.88179540634
2.2596282959 -1.31764864922 4.03793334961
4.52822732925 -1.03490042686 4.3035941124
4.44981002808 -0.937573254108 4.16361522675
2.10062336922 -1.18328881264 3.78604197502
2.86803603172 -1.42704176903 4.92351770401
2.40231204033 -1.24786520004 4.30478334427
2.10082602501 -0.998907625675 3.92579007149
2.18705177307 -1.02507853508 4.03930282593
2.04554915428 -0.948023617268 3.87656712532
1.87159562111 0.423043221235 0.491063326597
1.87116885185 0.432615250349 0.512647271156
1.85229039192 0.819525539875 0.716378450394
1.80498743057 0.81052172184 0.71245265007
1.84946942329 0.833411633968 0.71578681469
1.78518390656 0.89355134964 0.768031716347
1.48424267769 0.55567741394 1.75822985172
1.80821824074 0.914482295513 0.766431450844
2.30042290688 1.23898983002 0.312563866377
1.86706709862 0.954797387123 0.751649022102
1.77081131935 0.888264834881 0.99092400074
1.23434853554 0.512801766396 1.81553089619
1.7775490284 0.994190633297 0.806286454201
1.73597860336 0.941970288754 1.01381695271
1.80305981636 1.01228570938 0.804280877113
1.80912852287 1.02204203606 0.795391201973
1.76852679253 1.00394296646 0.842769265175
1.71805977821 0.962766230106 0.996384382248
1.76827430725 1.02004742622 0.838905334473
1.84970021248 1.06768703461 0.799955129623
1.7004199028 0.966743052006 0.982970833778
1.71468782425 0.987561643124 0.933127164841
1.69422078133 0.978437960148 0.957010149956
1.70473480225 0.991018176079 0.91323029995
0.932909071445 0.430646121502 1.95927608013
1.68704628944 0.97879421711 0.964470505714
1.29693245888 0.779538452625 1.33920872211
1.13818645477 0.672815918922 1.56168186665
1.61954331398 1.03809261322 0.849293351173
0.974080145359 0.578878283501 1.67446911335
1.27385091782 0.79915201664 1.3304618597
1.31563639641 0.875437915325 1.15781533718
1.8469312191 1.31674218178 0.31144413352
1.85403227806 1.32180643082 0.302671164274
1.0282356739 0.722936034203 1.44783389568
1.27123832703 0.909309208393 1.11919653416
1.82429599762 1.31800222397 0.311357468367
1.14518356323 0.824431061745 1.27364552021
1.34350824356 1.01131796837 0.919661045074
1.35060930252 1.01638197899 0.910888075829
1.17376208305 0.902485072613 1.14983141422
1.40175700188 1.10989499092 0.741662025452
1.24505472183 1.000898242 0.956669926643
1.40454411507 1.14572310448 0.663195252419
0.769116222858 0.693640232086 1.49219703674
0.922133862972 0.802766561508 1.30314922333
0.978801548481 0.841402292252 1.25570952892
1.29896855354 1.07151055336 0.83758354187
0.699005305767 0.648341178894 1.57761096954
1.45131421089 1.19457840919 0.580796837807
0.698051333427 0.660418391228 1.53128778934
0.745743811131 0.692753493786 1.49491047859
1.01559400558 0.88520026207 1.16152024269
1.38489818573 1.15181660652 0.661670804024
0.911965668201 0.815964519978 1.28835237026
1.18504333496 1.01235699654 0.928438067436
1.20530653 1.02680778503 0.903403759003
0.92171984911 0.827588737011 1.27510452271
1.12037229538 0.978595912457 1.02728259563
1.21184515953 1.0453748703 0.891760110855
1.37329983711 1.17392420769 0.626928210258
0.665718376637 0.675753712654 1.54074776173
1.41433954239 1.21227455139 0.573896288872
0.91246765852 0.877065360546 1.18811833858
1.35118746758 1.19226551056 0.604218840599
0.844423115253 0.838720023632 1.24893343449
0.927034080029 0.896536231041 1.1677929163
0.572531580925 0.658348083496 1.58137595654
1.00033593178 0.96538066864 1.01253437996
1.09771466255 1.03389382362 0.911632537842
1.11360144615 1.04970264435 0.890856385231
1.2517592907 1.14913630486 0.700768828392
0.96488815546 0.949000954628 1.05404663086
1.40690493584 1.27291488647 0.409891396761
0.606417000294 0.70143532753 1.51401889324
0.901336491108 0.912578761578 1.13028013706
0.935925781727 0.937246441841 1.08754634857
0.711747467518 0.78182131052 1.36336934566
1.1913216114 1.12547397614 0.730645060539
0.571020543575 0.691148102283 1.51410734653
1.05611634254 1.03783106804 0.895434856415
0.928623020649 0.960722744465 1.03023922443
1.12565565109 1.10123896599 0.78681230545
1.16352057457 1.12883758545 0.722187161446
0.632652997971 0.754009664059 1.39478099346
1.26344203949 1.20504820347 0.578301548958
1.17531824112 1.14592051506 0.705388426781
1.19295692444 1.15908646584 0.664279341698
1.22970151901 1.18583321571 0.601051449776
0.902215301991 0.955488502979 1.04168581963
1.08189988136 1.09280192852 0.798174142838
1.12164092064 1.1211438179 0.74907541275
0.760418236256 0.867839396 1.19424879551
1.23659920692 1.20833969116 0.568853259087
0.976487219334 1.02623713017 0.926199316978
1.14590978622 1.14706277847 0.716883897781
1.31285452843 1.27198529243 0.436883062124
0.510707199574 0.703027129173 1.48166227341
0.924990713596 1.00275707245 0.968732714653
1.21901202202 1.21378231049 0.532893419266
0.520274937153 0.718408465385 1.46764719486
0.703825175762 0.853588402271 1.23978018761
0.943024933338 1.02447414398 0.925014734268
1.08961439133 1.12901616096 0.743908762932
1.28708338737 1.2706682682 0.446655005217
0.743250072002 0.886500895023 1.15298378468
0.999710381031 1.06939840317 0.836136341095
1.20069861412 1.2176053524 0.53497171402
0.964016854763 1.05239009857 0.878068327904
1.00505042076 1.08165383339 0.827372670174
1.04403233528 1.10945415497 0.779211878777
1.40068054199 1.36437034607 0.286838144064
0.585073947906 0.78636610508 1.34515559673
1.14164471626 1.18362736702 0.62206184864
1.15785098076 1.19518494606 0.602039813995
1.23483014107 1.25008368492 0.50693488121
1.05312156677 1.12466621399 0.7303596735
1.11655116081 1.1697602272 0.669723272324
1.15238404274 1.19545650482 0.607724308968
0.662530004978 0.850166499615 1.22957372665
1.20312666893 1.23591947556 0.527719736099
0.562081456184 0.782815515995 1.33488333225
0.726344943047 0.899873673916 1.14965653419
1.11714148521 1.17866301537 0.649126768112
1.12720584869 1.18592119217 0.620454072952
1.37467217445 1.36257386208 0.280765086412
0.534941911697 0.771800816059 1.36627471447
1.09661388397 1.18065142632 0.620096206665
1.3477203846 1.3596971035 0.277436226606
0.896629869938 1.04221153259 0.900007128716
0.995310366154 1.11258673668 0.778090953827
1.12471199036 1.2047431469 0.568124771118
1.23147940636 1.28088545799 0.436217457056
0.534736931324 0.788269042969 1.3460496664
0.665702223778 0.881596744061 1.16657316685
0.867796242237 1.02572226524 0.91689324379
0.969843685627 1.09849858284 0.790817379951
1.1554954052 1.23083233833 0.545250296593
1.35087037086 1.37003469467 0.271469682455
1.1595158577 1.23770403862 0.523038506508
1.35342812538 1.37590432167 0.267272382975
1.33646631241 1.36773872375 0.271002143621
0.595478057861 0.843872368336 1.25016391277
0.942476332188 1.0911989212 0.805277943611
1.06369566917 1.17778706551 0.671697854996
1.07964348793 1.1888821125 0.619630455971
1.15218734741 1.24047851562 0.513823270798
0.510041117668 0.787060976028 1.35466194153
0.811798393726 1.00209903717 0.965675830841
1.28248906136 1.33745026588 0.351802617311
1.8563876152 0.0822721868753 0.359687745571
1.90779709816 0.112866088748 0.311834931374
1.89027953148 0.111855223775 0.32677590847
3.73629832268 -2.0358581543 5.97180843353
3.4181573391 -0.673075556755 2.69270086288
2.95963025093 -1.6381316185 4.89760255814
3.21166920662 -1.72767400742 5.18498277664
1.87228083611 0.151160016656 0.353399395943
1.87732863426 0.153769001365 0.348758220673
1.88716888428 0.152256011963 0.373589873314
2.9521856308 -1.59297180176 4.8973441124
1.59788322449 -1.08586370945 3.27187824249
2.34529781342 -1.37606739998 4.209025383
1.89253163338 0.168023645878 0.383895099163
4.55096006393 -1.03514146805 4.31432819366
1.89774250984 0.187227517366 0.376710414886
4.56800889969 -0.999151110649 4.29471254349
2.93251371384 -1.4728628397 5.05326128006
2.47128295898 -1.29029655457 4.43917512894
2.40033435822 -1.26610374451 4.3757481575
2.12405657768 -1.00468826294 3.92852830887
2.10280871391 -1.00591444969 3.9466509819
1.8612601757 0.404924720526 0.485270082951
1.86363148689 0.404429376125 0.50177615881
1.85160708427 0.428517282009 0.508439719677
0.828300654888 -0.148582428694 2.70740938187
1.80724310875 0.806053519249 0.696621537209
1.81144928932 0.814069509506 0.714294672012
1.80416178703 0.814990878105 0.720316052437
1.84048962593 0.830339312553 0.709797978401
1.77831172943 0.80971121788 0.720525383949
1.25913310051 0.517268419266 1.84668385983
1.78407478333 0.897685885429 0.770069003105
1.79154706001 0.915824532509 0.761129021645
1.78454852104 0.89150428772 0.994441628456
1.82271361351 0.936692476273 0.731782078743
0.9802262187 0.542386412621 1.77833688259
1.00666832924 0.584354996681 1.72226631641
1.79223394394 1.00539779663 0.818678498268
1.8074157238 1.01324486732 0.804719090462
1.71531653404 0.967314004898 0.989245772362
1.78012681007 1.00888168812 0.82839858532
1.83050918579 1.03290593624 0.807386994362
1.76951861382 1.00826954842 0.837446570396
1.03180623055 0.627112269402 1.64216077328
1.76652050018 1.01646173 0.838791012764
1.68607616425 0.979753017426 0.912051796913
1.69368624687 0.988557338715 0.904348492622
1.80205249786 1.04629337788 0.780753612518
1.80659103394 1.05347275734 0.775879859924
1.31845784187 0.800871133804 1.29849910736
1.81112980843 1.06065225601 0.771005988121
1.02117753029 0.688238620758 1.54087388515
1.04153943062 0.72570681572 1.46951985359
1.14360594749 0.825181484222 1.27671480179
1.20205521584 0.855392456055 1.2229719162
1.27795863152 0.914017915726 1.12798154354
1.49926972389 1.029047966 0.902010202408
1.43930983543 1.00324320793 0.935319185257
0.70901209116 0.66757106781 1.55861246586
1.33870649338 1.011510849 0.916366219521
0.92540460825 0.806663990021 1.31486999989
1.46675872803 1.0910358429 0.757183432579
0.972122251987 0.839722633362 1.25086867809
0.923640429974 0.827841639519 1.27378237247
1.14263081551 0.941032290459 1.07242512703
0.849951446056 0.815825462341 1.31800460815
1.40489554405 1.10585463047 0.732217907906
1.39830160141 1.10668826103 0.737666010857
0.605174481869 0.701672673225 1.50308895111
1.26076960564 1.04445898533 0.881276607513
1.10221862793 0.970617771149 1.00744867325
1.20698261261 1.02563166618 0.947868943214
1.28180074692 1.06300711632 0.823952198029
0.712249934673 0.781778335571 1.36417210102
0.824644863605 0.84411418438 1.26021254063
1.39689970016 1.13774394989 0.661917448044
1.19675683975 1.03953635693 0.88074195385
1.44708967209 1.1678134203 0.61517059803
1.25070643425 1.07104206085 0.813491463661
0.876011192799 0.882118582726 1.17444801331
1.15486741066 1.02981865406 0.900408506393
1.36611652374 1.14118278027 0.653177142143
0.5123000741 0.706005454063 1.49003088474
0.424234330654 0.668799877167 1.56980037689
0.52528834343 0.721032142639 1.4768832922
0.973553717136 0.95272898674 1.06471252441
0.941180884838 0.940153002739 1.09387612343
1.01373267174 0.97765314579 1.02716648579
0.399386227131 0.662651777267 1.55612027645
0.869594991207 0.90646982193 1.14077997208
1.20494747162 1.07824659348 0.798416376114
0.488822102547 0.717913269997 1.48969626427
1.10110712051 1.03765523434 0.90911924839
0.765702426434 0.867506742477 1.19993102551
1.11773824692 1.05035209656 0.893232703209
0.929691970348 0.963596105576 1.03170096874
1.41297721863 1.21242582798 0.570350468159
0.909533202648 0.961273908615 1.04906272888
0.566911578178 0.787181377411 1.34654140472
0.664684593678 0.837717652321 1.25664103031
1.06728839874 1.04686224461 0.903423309326
1.25626158714 1.14147138596 0.680067420006
1.34534883499 1.18751835823 0.598153591156
1.38881206512 1.21103227139 0.575158178806
1.0636909008 1.04698228836 0.873520970345
1.21816205978 1.12682437897 0.731487989426
1.32805752754 1.18652045727 0.612901687622
0.756237566471 0.897104263306 1.1707110405
1.24022340775 1.14509105682 0.693088054657
0.689817845821 0.866795420647 1.23119962215
2.21705818176 -1.85162198544 3.75117063522
2.20095181465 -1.82015788555 3.76220417023
1.59710431099 -1.46366047859 3.05410671234
2.18924355507 -1.74901425838 3.76884508133
1.61027336121 -1.41959583759 3.10533428192
3.7357199192 -2.07809782028 5.61646986008
3.57285904884 -0.810599625111 2.91240501404
1.71601104736 -1.15946280956 3.35816717148
0.47007972002 -0.936178684235 2.53950452805
3.02760910988 -1.67824435234 5.00927448273
3.3906443119 -1.82294762135 5.45775985718
3.30159473419 -1.75457847118 5.33131504059
0.463676273823 -0.896650671959 2.47963070869
1.57529568672 -1.07439422607 3.25084877014
2.27613425255 -1.33522737026 4.09722757339
3.06471085548 -1.62949204445 5.14720726013
2.26375603676 -1.28956377506 4.10509347916
0.197246551514 -0.509677171707 1.51819300652
3.04916214943 -1.57213258743 5.15708732605
0.19929254055 -0.517466783524 1.55798041821
0.187222540379 -0.520208597183 1.58069455624
4.58765888214 -1.05329763889 4.35847949982
3.08460593224 -1.54723644257 5.30439758301
2.40631699562 -1.25906658173 4.33969783783
0.2045545578 -0.500443696976 1.58222734928
2.29518771172 -1.20649135113 4.18898057938
0.184477448463 -0.49923235178 1.58212888241
0.187582015991 -0.492431342602 1.59457266331
0.561937749386 -0.699361026287 2.31031942368
0.184819221497 -0.471319317818 1.5960162878
0.604084074497 -0.717494249344 2.49870967865
0.180740475655 -0.452898144722 1.58357322216
0.212028563023 -0.460895895958 1.61913025379
0.508095741272 -0.786587893963 2.67512226105
2.20916438103 -1.05832064152 4.1389298439
0.560448884964 -0.6471799016 2.30993127823
0.575670719147 -0.641081094742 2.29847979546
2.18218564987 -1.01850664616 4.1577796936
2.19913482666 -0.991466403008 4.14444971085
0.404797315598 -0.578789949417 2.20419692993
0.541274607182 -0.550682008266 2.29274702072
0.540124118328 -0.536775708199 2.26457023621
0.555019676685 -0.524246394634 2.28180837631
0.538726091385 -0.501030921936 2.26458454132
0.186545312405 -0.370046973228 1.65035188198
0.841081857681 -0.157719001174 2.71669125557
0.845688343048 -0.151550427079 2.75542736053
0.177744209766 -0.113724783063 1.76158559322
0.176405668259 -0.0183977633715 1.81089222431
1.17918586731 0.487899839878 1.87884914875
1.23132479191 0.511174082756 1.809679389
1.7898452282 0.806703329086 0.700282096863
0.951090097427 0.432944476604 1.98965346813
1.75186300278 0.80125528574 0.709904074669
1.7579190731 0.803681671619 0.705348014832
1.77751088142 0.892612755299 0.764228701591
0.165287315845 0.252389848232 1.938367486
1.73578476906 0.874088406563 0.962483286858
1.7899184227 0.910546004772 0.754524111748
0.167453289032 0.269727498293 1.95494043827
0.672010421753 0.486562311649 1.87743961811
1.13049519062 0.669731736183 1.556183815
1.1984256506 0.745648384094 1.40907740593
1.68997347355 0.952128052711 0.97178542614
1.7794444561 0.992665529251 0.819690465927
1.80810117722 1.00414729118 0.79813170433
1.79320526123 1.00701105595 0.809085607529
1.8027575016 1.01083827019 0.801899433136
1.83488869667 1.02374494076 0.798888444901
1.76665282249 1.00078845024 0.828935146332
1.77302098274 1.00333988667 0.824144244194
1.68080329895 0.971008300781 0.935714125633
0.954816699028 0.684882879257 1.52407157421
1.66897070408 0.970482587814 0.902170062065
1.69578266144 0.985809147358 0.903030753136
1.76659750938 1.01401424408 0.82859814167
1.02796983719 0.723093152046 1.44762074947
1.79094719887 1.02838802338 0.831310153008
1.81959176064 1.05291128159 0.78822517395
1.82061648369 1.06215369701 0.787202000618
0.73262834549 0.648315429688 1.60507655144
1.14556598663 0.826410293579 1.27413952351
1.37693023682 0.91790419817 1.06028068066
1.64173614979 1.02400243282 0.861064195633
1.19571280479 0.854604363441 1.21626412868
1.52696156502 0.993885040283 0.90836596489
1.55991375446 1.00640356541 0.864922404289
1.48292636871 0.980500817299 0.941372275352
1.55355882645 1.00880086422 0.888234615326
0.869718074799 0.743328332901 1.40245223045
1.55376172066 1.01662683487 0.869187951088
1.250826478 0.899480700493 1.09696877003
1.92074620724 -0.00339630246162 0.277984440327
1.90408849716 0.000601023435593 0.29769384861
1.90463340282 0.0170337855816 0.272434055805
1.89575970173 0.00259974598885 0.307548582554
1.88494169712 -0.00166419148445 0.321892559528
1.88670599461 0.0126121938229 0.316496133804
1.9169588089 0.0604321956635 0.287582755089
1.87962269783 0.0878766179085 0.367764651775
1.9150980711 0.120315134525 0.316571950912
2.44303131104 0.39096263051 -0.10350048542
1.8962277174 0.103417754173 0.364609003067
3.46323347092 -0.674028277397 2.74769163132
1.93326294422 0.153654098511 0.371746897697
1.92255485058 0.154172122478 0.384878635406
1.93051445484 0.160468459129 0.373613595963
1.91568350792 0.171208024025 0.389545321465
1.89707791805 0.177615582943 0.36774200201
2.45996284485 0.468156903982 -0.0663115978241
1.88024628162 0.187687814236 0.365412354469
2.46130228043 0.478994548321 -0.0704082250595
2.4656317234 0.482419252396 -0.0765354633331
1.90620648861 0.181688666344 0.398911178112
4.61447763443 -1.0573091507 4.38035535812
2.40450048447 0.468520313501 -0.0491869449615
2.4087665081 0.471895068884 -0.0552248954773
2.41184902191 0.476553291082 -0.034380197525
1.88346338272 0.407180905342 0.488758206367
1.8917080164 0.422977209091 0.499101877213
1.8621327877 0.823554754257 0.726690888405
1.83577823639 0.819369673729 0.732925653458
1.86127626896 0.833025574684 0.725618720055
1.82377874851 0.81995010376 0.747640967369
1.81915867329 0.831404328346 0.750778675079
2.38561224937 1.2515193224 0.315277040005
2.37808299065 1.26217091084 0.322194933891
2.38540029526 1.27192139626 0.344686627388
1.80467426777 0.89988386631 0.780598163605
1.82452714443 0.920132756233 0.778791069984
1.47077131271 0.555372655392 1.74040591717
1.89278519154 0.961559772491 0.771775484085
1.79036104679 0.894034028053 1.00527727604
1.78471016884 0.900283336639 1.01086199284
1.85853803158 1.02319717407 0.830799102783
1.83761692047 1.02257084846 0.826297402382
1.8583701849 1.0388892889 0.827474594116
1.78255140781 0.999497175217 0.841779470444
1.78939497471 1.00491070747 0.832093715668
1.79372477531 1.01371049881 0.853676199913
1.74322021008 0.969056844711 1.01618635654
1.79054927826 1.02158343792 0.85583281517
1.79355943203 1.0291570425 0.850403666496
1.8503010273 1.07446503639 0.798922896385
1.71291720867 0.985631942749 0.93105340004
1.7180788517 0.9855697155 0.982521176338
1.7181853056 0.994951486588 0.922437667847
1.25498878956 0.674090266228 1.53881967068
1.31317675114 0.74450314045 1.42366528511
1.27923333645 0.740518808365 1.41193056107
1.41491544247 0.852847218513 1.21877682209
1.28565752506 0.774224638939 1.36908209324
1.31959402561 0.804488420486 1.29457581043
1.64230585098 1.05976629257 0.837847352028
1.12328660488 0.667287051678 1.5426286459
1.20045852661 0.746204733849 1.40367925167
1.27249407768 0.799983501434 1.32815611362
1.02839326859 0.624654471874 1.64392268658
1.38566231728 0.929636716843 1.10754430294
0.991834521294 0.628393769264 1.61440575123
1.41462934017 0.962841391563 1.01603138447
1.05348551273 0.681912958622 1.52608275414
1.45865058899 1.01191651821 0.950520515442
1.60799610615 1.1300547123 0.739154458046
1.02028763294 0.686659216881 1.54198718071
1.59797823429 1.14113342762 0.749054789543
1.34301447868 0.949135303497 1.05951952934
1.09543788433 0.76266002655 1.40780174732
1.02963292599 0.724487781525 1.45121657848
1.10287988186 0.780249834061 1.37053513527
1.19529354572 0.855531930923 1.21676003933
1.10593783855 0.789467096329 1.34218382835
1.23273968697 0.88977253437 1.16272318363
0.908186793327 0.637657403946 1.62101757526
1.48493099213 1.09388518333 0.80476129055
1.50129258633 1.10682785511 0.781605124474
0.978066682816 0.704228043556 1.49708211422
1.39951860905 1.0447974205 0.921484947205
1.52018487453 1.14024925232 0.750707983971
1.30903327465 0.979799985886 1.02557229996
1.36794292927 1.02639985085 0.942198514938
1.04643571377 0.794098258018 1.34727847576
1.28754520416 0.986661434174 0.983133554459
0.971768379211 0.741363525391 1.4290355444
1.16938304901 0.902179002762 1.14834320545
1.52159357071 1.18079161644 0.649865627289
1.42685306072 1.12535607815 0.758672237396
1.32601368427 1.06053864956 0.875529766083
1.36920464039 1.09470450878 0.814402341843
1.15189385414 0.927237033844 1.12096047401
1.25124752522 1.00724458694 0.959141612053
1.44043529034 1.15689969063 0.691387534142
1.32401525974 1.06921195984 0.855163097382
1.43969166279 1.16512155533 0.690456748009
1.3761755228 1.12061071396 0.758172988892
0.905950188637 0.753019571304 1.42268979549
1.15008151531 0.946137309074 1.07717490196
1.4642790556 1.19587910175 0.612946391106
1.02196383476 0.85033929348 1.23796868324
1.10862028599 0.918888092041 1.11532521248
1.31149756908 1.07819998264 0.847740292549
0.888356328011 0.753349065781 1.42510306835
1.21929693222 1.02066838741 0.934596657753
0.693851709366 0.609340429306 1.67727792263
5.15094709396 -2.94904756546 7.26952219009
5.32695293427 -3.00175619125 7.48781490326
3.23025298119 -1.77646803856 5.27671194077
3.75090241432 -2.01440048218 6.03191041946
3.28613996506 -1.76973569393 5.39841175079
1.70950698853 -1.1553299427 3.47441196442
0.207435578108 -0.546587586403 1.59884238243
3.16239213943 -1.6017563343 5.45251274109
3.19446325302 -1.59410130978 5.43769836426
2.4610979557 -1.29721081257 4.42922639847
0.207541435957 -0.508461236954 1.62020492554
4.50144863129 -1.03412604332 4.27569007874
0.217071920633 -0.492294937372 1.59358549118
0.619138240814 -0.788917660713 2.67685365677
0.615911126137 -0.761909723282 2.59210658073
0.316048115492 -0.580582857132 1.95773506165
0.204444736242 -0.476084858179 1.61012125015
2.44266915321 -1.16164815426 4.43557071686
0.559252262115 -0.772304177284 2.67543458939
0.316412419081 -0.56463766098 1.95732116699
2.47864484787 -1.16459786892 4.5192399025
0.432823568583 -0.782698273659 2.70492529869
2.36242198944 -1.11066102982 4.37474346161
0.294642478228 -0.546046257019 1.96700835228
0.309303492308 -0.529982686043 1.94464015961
0.31745120883 -0.51876783371 1.90993070602
2.35952115059 -1.05238759518 4.37516975403
0.451670378447 -0.581384181976 2.19372820854
0.425582200289 -0.588979363441 2.22560167313
0.561614513397 -0.594244241714 2.29096102715
0.545321702957 -0.575785160065 2.25413703918
0.205873340368 -0.432635039091 1.65169715881
0.560186386108 -0.577172398567 2.31335330009
0.580218434334 -0.579019665718 2.32730460167
0.262813359499 -0.51442527771 1.99650478363
0.574760198593 -0.562627911568 2.35265350342
0.551983118057 -0.504173994064 2.24997520447
0.206581145525 -0.364717811346 1.673422575
0.4422480762 -0.294367820024 2.97136449814
0.880571722984 -0.170934349298 2.80270671844
0.885701775551 -0.162503123283 2.83542847633
1.48411226273 0.556501030922 1.76461958885
1.18788361549 0.494984567165 1.90131020546
0.195891648531 0.258032262325 1.98439884186
0.193783611059 0.270373284817 2.00057482719
0.67768406868 0.489214092493 1.8887617588
1.15840482712 0.633258581161 1.63325190544
0.869078755379 0.588529586792 1.73351669312
0.0393916666508 0.370405167341 1.80904841423
1.13430643082 0.673271179199 1.56336736679
0.918560624123 0.64315533638 1.64729142189
1.32154417038 0.753945708275 1.43011784554
0.857396245003 0.642087578773 1.61482977867
1.28996253014 0.747905254364 1.43038153648
0.699962258339 0.612173199654 1.68743252754
0.931488156319 0.671267271042 1.58042740822
3.56658697128 -1.8948700428 5.56866550446
0.208131685853 -0.554270625114 1.61802625656
